Date        Open     High      Adj. Close Adj.Volume                            
2018-01-16  177.900  179.3900  176.190   29159005.0
2018-01-17  176.150  179.2500  179.100   32752734.0
2018-01-18  179.370  180.1000  179.260   30234512.0
2018-01-19  178.610  179.5800  178.460   30827809.0
2018-01-22  177.300  177.7800  177.000   26023683.0
2018-01-23  177.300  179.4400  177.040   31702531.0
2018-01-24  177.250  177.3000  174.220   50562257.0
2018-01-25  174.505  174.9500  171.110   39661804.0
2018-01-26  172.000  172.0000  171.510   37121805.0
2018-01-29  170.160  170.1600  167.960   48434424.0
2018-01-30  165.525  167.3700  166.970   45137026.0
2018-01-31  166.870  168.4417  167.430   30984099.0
2018-02-01  167.165  168.6200  167.780   38099665.0
2018-02-02  166.000  166.8000  160.370   85436075.0
2018-02-05  159.100  163.8800  157.490   66090446.0
2018-02-06  154.830  163.7200  163.030   66625484.0
2018-02-07  163.085  163.4000  159.540   50852130.0
2018-02-08  160.290  161.0000  155.320   49594129.0
2018-02-09  157.070  157.8900  155.970   66723743.0
2018-02-12  158.500  163.8900  162.710   60560145.0
2018-02-13  161.950  164.7500  164.340   32104756.0
2018-02-14  163.045  167.5400  167.370   39669178.0
2018-02-15  169.790  173.0900  172.990   50609595.0
2018-02-16  172.360  174.8200  172.430   39638793.0
2018-02-20  172.050  174.2600  171.850   33531012.0
2018-02-21  172.830  174.1200  171.070   35833514.0
2018-02-22  171.800  173.9500  172.600   30504116.0
2018-02-23  173.670  175.6500  175.555   33329232.0
2018-02-26  176.350  179.3900  178.970   36886432.0
2018-02-27  179.100  180.4800  178.390   38685165.0
2018-02-28  179.260  180.6150  178.120   33604574.0
2018-03-01  178.540  179.7750  175.000   48801970.0
2018-03-02  172.800  176.3000  176.210   38453950.0
2018-03-05  175.210  177.7400  176.820   28401366.0
2018-03-06  177.910  178.2500  176.670   23788506.0
2018-03-07  174.940  175.8500  175.030   31703462.0
2018-03-08  175.480  177.1200  176.940   23163767.0
2018-03-09  177.960  180.0000  179.980   31385134.0
2018-03-12  180.290  182.3900  181.720   32055405.0
2018-03-13  182.590  183.5000  179.970   31168404.0
2018-03-14  180.320  180.5200  178.440   29075469.0
2018-03-15  178.500  180.2400  178.650   22584565.0
2018-03-16  178.650  179.1200  178.020   36836456.0
2018-03-19  177.320  177.4700  175.300   32804695.0
2018-03-20  175.240  176.8000  175.240   19314039.0
2018-03-21  175.040  175.0900  171.270   35247358.0
2018-03-22  170.000  172.6800  168.845   41051076.0
2018-03-23  168.390  169.9200  164.940   40248954.0
2018-03-26  168.070  173.1000  172.770   36272617.0
2018-03-27  173.680  175.1500  168.340   38962839.0